Depth (m) Viscosity (Pa s)
0 2.67934e+22
10000 2.67934e+22
20000 2.67934e+22
30000 2.67934e+22
40000 2.67934e+22
50000 2.67934e+22
60000 2.67934e+22
70000 2.67934e+22
80000 2.67934e+22
90000 2.67934e+22
100000 2.67934e+22
110000 7.04872591008e+21
120000 2.52885e+20
130000 2.52885e+20
140000 2.52885e+20
150000 2.52885e+20
160000 2.52885e+20
170000 2.52885e+20
180000 2.52885e+20
190000 2.52885e+20
200000 2.52885e+20
210000 2.52885e+20
220000 2.73448556137e+20
230000 2.95033e+20
240000 2.95033e+20
250000 2.95033e+20
260000 2.95033e+20
270000 2.95033e+20
280000 2.95033e+20
290000 2.95033e+20
300000 2.95033e+20
310000 2.95033e+20
320000 2.95033e+20
330000 2.95033e+20
340000 3.12344646292e+20
350000 4.42182e+20
360000 4.42182e+20
370000 4.42182e+20
380000 4.42182e+20
390000 4.42182e+20
400000 4.42182e+20
410000 4.42182e+20
420000 4.42182e+20
430000 4.42182e+20
440000 4.42182e+20
450000 4.42182e+20
460000 4.42182e+20
470000 4.42182e+20
480000 4.42182e+20
490000 4.42182e+20
500000 4.42182e+20
510000 4.52823884553e+20
520000 5.12512373258e+20
530000 6.55109681822e+20
540000 6.64358951549e+20
550000 6.65309982733e+20
560000 6.6626134604e+20
570000 6.67212709319e+20
580000 6.68164072635e+20
590000 6.69115173023e+20
600000 6.70065799348e+20
610000 6.71017162628e+20
620000 6.71968525908e+20
630000 6.72919889264e+20
640000 6.73871252628e+20
650000 6.74822615937e+20
660000 3.34746957023e+21
670000 6.43844e+21
680000 6.43844e+21
690000 6.43844e+21
700000 6.43844e+21
710000 6.43844e+21
720000 6.43844e+21
730000 6.43844e+21
740000 6.43844e+21
750000 6.43844e+21
760000 6.43844e+21
770000 6.43844e+21
780000 6.43844e+21
790000 6.43844e+21
800000 8.51832745113e+21
810000 1.01814397035e+22
820000 1.06256e+22
830000 1.06256e+22
840000 1.06256e+22
850000 1.06256e+22
860000 1.06256e+22
870000 1.06256e+22
880000 1.06256e+22
890000 1.06256e+22
900000 1.06256e+22
910000 1.06256e+22
920000 1.06256e+22
930000 1.06256e+22
940000 1.21258475679e+22
950000 1.62604041524e+22
960000 1.62837010392e+22
970000 1.6306997924e+22
980000 1.63302948087e+22
990000 1.63535916951e+22
1000000 1.6376888582e+22
1010000 1.64001854677e+22
1020000 1.64234823525e+22
1030000 1.64468031133e+22
1040000 1.64701761247e+22
1050000 1.64934730115e+22
1060000 1.65167698963e+22
1070000 1.65400667811e+22
1080000 2.14455289578e+22
1090000 2.39041256065e+22
1100000 2.39383626307e+22
1110000 2.39725875427e+22
1120000 2.40068474035e+22
1130000 2.40410397926e+22
1140000 2.40752321816e+22
1150000 2.41096851213e+22
1160000 2.41439169537e+22
1170000 2.41781093419e+22
1180000 2.42123543262e+22
1190000 2.42465941187e+22
1200000 2.42808460202e+22
1210000 2.57989035122e+22
1220000 3.25325356444e+22
1230000 3.37528318922e+22
1240000 3.3860793426e+22
1250000 3.39092474031e+22
1260000 3.39577626288e+22
1270000 3.40062553645e+22
1280000 3.40546709357e+22
1290000 3.41030633211e+22
1300000 3.4151517299e+22
1310000 3.41999754326e+22
1320000 3.42485179953e+22
1330000 3.42969792392e+22
1340000 3.43455031125e+22
1350000 3.43938702412e+22
1360000 3.98781473007e+22
1370000 4.60480896214e+22
1380000 4.61117394456e+22
1390000 4.61755179903e+22
1400000 4.62392937717e+22
1410000 4.63028951586e+22
1420000 4.63665750872e+22
1430000 4.64301979217e+22
1440000 4.64939107252e+22
1450000 4.65576892748e+22
1460000 4.66214020783e+22
1470000 4.66850249128e+22
1480000 4.67487249106e+22
1490000 4.68125034602e+22
1500000 5.75119904392e+22
1510000 5.91528951567e+22
1520000 5.92346397898e+22
1530000 5.93164176451e+22
1540000 5.93983083062e+22
1550000 5.94801557122e+22
1560000 5.95618650511e+22
1570000 5.96437214495e+22
1580000 5.97256591694e+22
1590000 5.98073436021e+22
1600000 5.98891615928e+22
1610000 5.99710723158e+22
1620000 6.00528595135e+22
1630000 6.56418313874e+22
1640000 7.44336460245e+22
1650000 7.45368114179e+22
1660000 7.46398404795e+22
1670000 7.47430377159e+22
1680000 7.48460716305e+22
1690000 7.49492321815e+22
1700000 7.50523117617e+22
1710000 7.51554266409e+22
1720000 7.5258551905e+22
1730000 7.53616211112e+22
1740000 7.54647920408e+22
1750000 7.55678138358e+22
1760000 7.56709224908e+22
1770000 7.57741100387e+22
1780000 8.4356838591e+22
1790000 8.84823e+22
1800000 8.84823e+22
1810000 8.84823e+22
1820000 8.84823e+22
1830000 8.84823e+22
1840000 8.84823e+22
1850000 8.84823e+22
1860000 8.84823e+22
1870000 8.84823e+22
1880000 8.84823e+22
1890000 8.84823e+22
1900000 8.84823e+22
1910000 9.12887659268e+22
1920000 1.03229e+23
1930000 1.03229e+23
1940000 1.03229e+23
1950000 1.03229e+23
1960000 1.03229e+23
1970000 1.03229e+23
1980000 1.03229e+23
1990000 1.03229e+23
2000000 1.03229e+23
2010000 1.03229e+23
2020000 1.03229e+23
2030000 1.03229e+23
2040000 1.03229e+23
2050000 1.08132380773e+23
2060000 1.11557543251e+23
2070000 1.11634608994e+23
2080000 1.11711674741e+23
2090000 1.11788875436e+23
2100000 1.11866806228e+23
2110000 1.11943871969e+23
2120000 1.12020937715e+23
2130000 1.12098003463e+23
2140000 1.1217563322e+23
2150000 1.12253134946e+23
2160000 1.12330200689e+23
2170000 1.12407266437e+23
2180000 1.1248443945e+23
2190000 1.12562391003e+23
2200000 1.12639463664e+23
2210000 1.12716529411e+23
2220000 1.12793595158e+23
2230000 1.12870660901e+23
2240000 1.12948148787e+23
2250000 1.13025792385e+23
2260000 1.13102858132e+23
2270000 1.13179923879e+23
2280000 1.1325698962e+23
2290000 1.13334906571e+23
2300000 1.13412121106e+23
2310000 1.13489186854e+23
2320000 1.13566252597e+23
2330000 1.06871324174e+23
2340000 9.47557053919e+22
2350000 9.02036e+22
2360000 9.02036e+22
2370000 9.02036e+22
2380000 9.02036e+22
2390000 9.02036e+22
2400000 9.02036e+22
2410000 9.02036e+22
2420000 9.02036e+22
2430000 9.02036e+22
2440000 9.02036e+22
2450000 9.02036e+22
2460000 9.02036e+22
2470000 9.02036e+22
2480000 5.21615374651e+22
2490000 3.43646024208e+22
2500000 3.4316105189e+22
2510000 3.4267719032e+22
2520000 3.42193747424e+22
2530000 3.41708432523e+22
2540000 3.41223892709e+22
2550000 3.40738470585e+22
2560000 3.40253813167e+22
2570000 3.39769273365e+22
2580000 3.39285273343e+22
2590000 3.38801193758e+22
2600000 3.38316342568e+22
2610000 2.7854893562e+22
2620000 3.68158508648e+21
2630000 3.6761993423e+21
2640000 3.670830692e+21
2650000 3.66544785487e+21
2660000 3.6600683738e+21
2670000 3.65469660886e+21
2680000 3.64932062268e+21
2690000 3.64394055371e+21
2700000 3.63856913517e+21
2710000 3.63318449826e+21
2720000 3.62781647034e+21
2730000 3.62243190307e+21
2740000 3.61706041542e+21
2750000 1.56671930997e+21
2760000 1.9294228027e+20
2770000 1.92670335632e+20
2780000 1.92398391007e+20
2790000 1.92126446378e+20
2800000 1.91854529411e+20
2810000 1.91583470576e+20
2820000 1.91311612454e+20
2830000 1.91039667829e+20
2840000 1.90767723189e+20
2850000 1.90495778541e+20
2860000 1.90223833901e+20
2870000 1.8995211765e+20
2880000 1.89680944649e+20
2890000 1.89409e+20
